MeshAnim
1
142
52
60
0.9593363 0.0155556 0.2818366 0
-0.03585659 0.9971073 0.06701731 0
-0.2799788 -0.07439784 0.957119 0
-1.512769 0.7503012 -0.9719569 1

0.9930065 -0.01739781 0.1167713 0
0.03170207 0.9920502 -0.1217838 0
-0.1137242 0.124634 0.9856638 0
-1.514899 0.8363132 -0.9694541 1

-0.9037988 -0.1044952 -0.4150046 0
0.0168308 -0.9776608 0.209514 0
-0.4276268 0.1823736 0.8853673 0
-1.610753 0.7009695 -1.002361 1

-0.9804134 0.08125499 -0.1794074 0
-0.1051876 -0.9861562 0.1281846 0
-0.1665081 0.1445453 0.9753881 0
-1.414031 0.7037733 -0.9388258 1

-0.8310606 -0.08073869 -0.5502906 0
0.2858803 -0.9107113 -0.2981229 0
-0.4770859 -0.4050753 0.7799379 0
-1.604006 0.3090854 -0.9183799 1

-0.9783934 -0.05175412 -0.2001691 0
0.1238604 -0.9219199 -0.3670451 0
-0.1655438 -0.3839075 0.9084108 0
-1.456244 0.3080175 -0.8873839 1

0.995946 -0.01221299 0.08911991 0
0.0160355 0.9989762 -0.04230265 0
-0.08851203 0.04356023 0.9951221 0
-1.511715 0.9359356 -0.9816837 1

-0.8535067 0.2840973 -0.436824 0
-0.5200522 -0.5170948 0.6798226 0
-0.03274362 0.8074042 0.5890893 0
-1.491644 -0.04886141 -1.035554 1

-0.952573 -0.1722019 -0.2509002 0
-0.1214799 -0.5407619 0.8323576 0
-0.2790108 0.8233607 0.4941963 0
-1.407579 -0.05420622 -1.031596 1

0.9980965 -0.002569248 0.0616181 0
0.0002649389 0.9993012 0.03737574 0
-0.06167105 -0.0372883 0.9973997 0
-1.509875 1.050585 -0.9865386 1

-0.8366637 0.1454358 -0.5280554 0
-0.5240426 0.06782865 0.8489869 0
0.1592904 0.9870399 0.01946491 0
-1.587564 -0.1442359 -0.910166 1

-0.9856257 -0.03203787 -0.1658773 0
-0.1675268 0.05848108 0.9841315 0
-0.02182881 0.9977742 -0.06300762 0
-1.429908 -0.1535996 -0.878607 1

-0.119851 0.03830686 -0.9920524 0
0.9056553 -0.4051529 -0.1250577 0
-0.4067235 -0.9134461 0.01386513 0
-1.434145 1.156312 -0.9792275 1

-0.03488517 -0.05989678 0.9975948 0
-0.9672699 -0.2490181 -0.04877603 0
0.2513407 -0.9666449 -0.04924933 0
-1.585435 1.15664 -0.9877631 1

0.999207 -0.034362 0.02012017 0
0.0313818 0.9905823 0.133273 0
-0.02451022 -0.1325359 0.9908751 0
-1.509841 1.179606 -0.981713 1

-0.3274918 0.1512716 -0.9326662 0
0.5819464 -0.74536 -0.3252337 0
-0.7443706 -0.6492733 0.1560673 0
-1.297155 1.095029 -0.9981438 1

0.5907717 0.1810996 0.7862517 0
-0.4874699 -0.6964067 0.5266792 0
0.6429323 -0.6944214 -0.3231369 0
-1.731745 1.118973 -0.995141 1

0.9933574 -0.01048705 -0.1145916 0
0.0399937 0.9652209 0.2583582 0
0.1078968 -0.261225 0.9592287 0
-1.504444 1.351052 -0.9569334 1

0.6189093 -0.7793945 0.09744523 0
0.02679005 0.144935 0.9890785 0
-0.7850055 -0.6095393 0.1105816 0
-1.152995 0.910387 -1.078711 1

0.2651398 0.6489176 -0.713167 0
0.7297885 0.348339 0.5882764 0
0.6301668 -0.6764362 -0.381214 0
-1.852501 0.9464591 -0.8646717 1

0.8863895 -0.2899242 -0.3609123 0
0.1702935 -0.5207453 0.8365551 0
-0.4304809 -0.8029748 -0.4122108 0
-1.144786 0.9547948 -0.7756599 1

0.1677293 0.05672166 -0.9842 0
0.6409826 0.7522351 0.1525905 0
0.7490052 -0.6564488 0.08981432 0
-1.628933 1.053171 -0.6844556 1

0.893324 -0.3657969 -0.2610841 0
0.01157872 -0.5620183 0.8270437 0
-0.4492643 -0.741841 -0.4978288 0
-1.165071 0.9183632 -0.669049 1

0.8856361 -0.3762576 -0.2721745 0
0.0145991 -0.5632544 0.8261546 0
-0.4641504 -0.7356459 -0.4933454 0
-1.137647 0.911849 -0.6814961 1

0.8811295 -0.382009 -0.2787114 0
0.01656035 -0.5641078 0.8255351 0
-0.4725851 -0.7320188 -0.4907258 0
-1.110692 0.9015607 -0.6964196 1

0.861557 -0.4063347 -0.3043212 0
0.0231842 -0.5673396 0.8231575 0
-0.507131 -0.7162526 -0.4793749 0
-1.087084 0.8992059 -0.7113295 1

0.8718994 -0.432449 0.2297376 0
-0.4447509 -0.5030152 0.7410617 0
-0.20491 -0.7483073 -0.6309105 0
-1.183631 0.9396466 -0.7409834 1

-0.06475475 -0.4043632 -0.9123033 0
0.8338806 0.4802429 -0.272048 0
0.5481333 -0.7783682 0.3060927 0
-1.593072 1.069007 -0.7205398 1

0.08690363 0.08439607 -0.9926355 0
0.6465289 0.7532892 0.1206489 0
0.7579238 -0.6522521 0.0108991 0
-1.586146 1.120892 -0.6333709 1

0.06291991 0.00470745 -0.9980076 0
0.6636384 0.7466772 0.04536144 0
0.7454029 -0.66517 0.04385686 0
-1.569335 1.132971 -0.6498756 1

0.08210823 -0.02197105 -0.9963813 0
0.6642246 0.7465528 0.03827427 0
0.7430102 -0.6649635 0.0758919 0
-1.559018 1.137292 -0.714376 1

0.07760537 -0.006538527 -0.9969628 0
0.6633161 0.7468789 0.04673539 0
0.7443048 -0.6649281 0.06229898 0
-1.566761 1.137112 -0.6820527 1

0.8617853 -0.4015929 -0.309918 0
-0.058878 -0.686007 0.7252089 0
-0.5038447 -0.6067271 -0.6148356 0
-1.086383 0.871864 -0.6712178 1

0.9374539 -0.347852 0.01339339 0
-0.239612 -0.616884 0.7496935 0
-0.2525204 -0.7060122 -0.6616496 0
-1.206231 0.9195892 -0.7098536 1

0.8937616 -0.3446088 -0.2871147 0
-0.03766809 -0.6955107 0.7175277 0
-0.4469578 -0.6304836 -0.6346015 0
-1.16433 0.8894612 -0.6266493 1

0.8860555 -0.3565129 -0.2963176 0
-0.039434 -0.694843 0.7180796 0
-0.4618989 -0.6245733 -0.629728 0
-1.136873 0.8816798 -0.6372376 1

0.8814573 -0.3670123 -0.2972116 0
-0.04546455 -0.6923569 0.7201214 0
-0.47007 -0.6212439 -0.6269691 0
-1.109945 0.872383 -0.6536151 1

0.09885374 -0.004851359 -0.9950902 0
0.7264824 0.683729 0.06883645 0
0.680038 -0.7297199 0.0711136 0
-1.526315 1.174085 -0.712171 1

0.05876499 -0.2705745 -0.9609039 0
0.8442861 0.5270808 -0.096784 0
0.5326611 -0.8055901 0.2594163 0
-1.557827 1.088154 -0.7349652 1

0.08925752 0.005184952 -0.9959953 0
0.7265226 0.6837032 0.0686675 0
0.6813211 -0.7297419 0.05725868 0
-1.532057 1.176179 -0.6797155 1

0.07340309 0.01545896 -0.9971827 0
0.7268989 0.6837463 0.06410724 0
0.6828108 -0.7295563 0.03895196 0
-1.536139 1.170318 -0.6476377 1

0.03803346 0.02765761 -0.9988939 0
0.7276292 0.6843827 0.04665422 0
0.6849159 -0.7285985 0.005904973 0
-1.552446 1.16015 -0.6274488 1

0.9417218 -0.3316987 -0.05600339 0
-0.1672785 -0.6061949 0.7775253 0
-0.2918532 -0.7228444 -0.6263528 0
-1.217319 0.8870405 -0.6708912 1

0.8944439 -0.3364767 -0.2945394 0
-0.06707975 -0.7521632 0.655554 0
-0.4421203 -0.5665985 -0.6953386 0
-1.166269 0.856154 -0.592193 1

0.8866994 -0.3475366 -0.3049306 0
-0.0688801 -0.751465 0.6561675 0
-0.4571871 -0.5608197 -0.6902618 0
-1.138971 0.8456254 -0.5999395 1

0.8827231 -0.3488126 -0.3148485 0
-0.06421783 -0.7533072 0.6545259 0
-0.4654847 -0.5575464 -0.6873617 0
-1.11186 0.8394622 -0.619559 1

0.8640344 -0.365065 -0.3466589 0
-0.05791695 -0.7560992 0.6518892 0
-0.5000906 -0.5431772 -0.674439 0
-1.087941 0.8450824 -0.6435127 1

0.1058318 0.001349715 -0.9943833 0
0.7555377 0.6500419 0.08129391 0
0.6465003 -0.7598974 0.06777536 0
-1.490493 1.207785 -0.708912 1

0.1781426 -0.158708 -0.9711215 0
0.8010398 0.5965658 0.04944746 0
0.5714902 -0.7867155 0.2334052 0
-1.513833 1.116521 -0.7372099 1

0.08896896 0.005307619 -0.9960203 0
0.7565355 0.6500825 0.07104121 0
0.6478726 -0.7598452 0.05382176 0
-1.494985 1.211056 -0.6763431 1

0.08258455 0.02377767 -0.9963005 0
0.7558993 0.6500048 0.0781703 0
0.6494588 -0.7595581 0.03570686 0
-1.50248 1.201984 -0.6445763 1

0.06901146 0.05683067 -0.9959959 0
0.7552052 0.6493666 0.08937959 0
0.6518458 -0.7583494 0.001894996 0
-1.522723 1.188113 -0.6247451 1

0.9502935 0.03316052 0.3095844 0
-0.05767122 0.9958533 0.07035745 0
-0.3059676 -0.08471435 0.9482654 0
-1.514217 0.7502065 -0.9710957 1

0.9904572 -0.0008710064 0.1378174 0
0.01877096 0.9915143 -0.1286355 0
-0.1365359 0.1299949 0.9820689 0
-1.518134 0.8361458 -0.9682754 1

-0.8927236 -0.1104472 -0.4368596 0
0.0007310882 -0.9698494 0.2437041 0
-0.4506044 0.2172409 0.865888 0
-1.610277 0.6990945 -1.004544 1

-0.9763495 0.06261052 -0.2069345 0
-0.08488934 -0.9912999 0.1005916 0
-0.1988361 0.1157791 0.9731698 0
-1.415568 0.70548 -0.9353232 1

-0.8433025 -0.07600795 -0.5320373 0
0.2853003 -0.902259 -0.3233149 0
-0.4554609 -0.4244427 0.7825623 0
-1.609984 0.3103417 -0.9068584 1

-0.9786946 -0.03833677 -0.2017111 0
0.1089478 -0.9296684 -0.3519195 0
-0.174033 -0.3663977 0.9140379 0
-1.449636 0.3076599 -0.8949547 1

0.993784 -0.01298881 0.1105647 0
0.01779201 0.998935 -0.04256715 0
-0.1098941 0.0442697 0.9929569 0
-1.516249 0.9357142 -0.9811931 1

-0.8744997 0.2379051 -0.4226718 0
-0.4791499 -0.5589829 0.6767226 0
-0.07527062 0.7943169 0.6028226 0
-1.49785 -0.044283 -1.033934 1

-0.953522 -0.1653216 -0.2519225 0
-0.1302497 -0.527774 0.8393389 0
-0.2717189 0.8331409 0.4817109 0
-1.40683 -0.05760822 -1.033224 1

0.9964595 -0.02024971 0.08159883 0
0.01672953 0.9989091 0.04359547 0
-0.08239263 -0.04207606 0.9957113 0
-1.514207 1.050359 -0.9860784 1

-0.8503336 0.1012339 -0.5164152 0
-0.5113037 0.0732388 0.8562738 0
0.1245055 0.9921632 -0.0105162 0
-1.586226 -0.1473835 -0.9091178 1

-0.9853313 -0.02399019 -0.1689595 0
-0.1699954 0.05108011 0.9841202 0
-0.01497877 0.9984066 -0.05440908 0
-1.43077 -0.1546144 -0.8789518 1

-0.1164339 0.04539248 -0.9921607 0
0.8960231 -0.426152 -0.1246487 0
-0.4284692 -0.9035121 0.008945763 0
-1.43683 1.154712 -0.9765922 1

-0.0598945 -0.06343745 0.9961869 0
-0.9728395 -0.2198372 -0.07249007 0
0.2235975 -0.9734718 -0.04854739 0
-1.587889 1.157714 -0.988157 1

0.9982125 -0.04654905 0.03748015 0
0.04110119 0.9900061 0.1349011 0
-0.0433851 -0.1331196 0.9901499 0
-1.512047 1.17933 -0.9804497 1

-0.3713018 0.1510345 -0.9161461 0
0.5692416 -0.7424807 -0.3531103 0
-0.7335523 -0.6526188 0.1897092 0
-1.301297 1.090252 -0.9954467 1

0.6234096 0.131542 0.770751 0
-0.5210032 -0.6651413 0.5349231 0
0.5830232 -0.7350399 -0.3461216 0
-1.735041 1.124462 -0.9991219 1

0.9937218 -0.003053263 -0.1118372 0
0.03283493 0.9635663 0.2654461 0
0.1069521 -0.2674518 0.9576172 0
-1.504998 1.350675 -0.9553892 1

0.6243203 -0.7798135 0.04599342 0
0.08654508 0.1275632 0.9880474 0
-0.7763595 -0.6128775 0.1471292 0
-1.160284 0.9063232 -1.08292 1

0.2910201 0.6352897 -0.7153421 0
0.7683895 0.2902566 0.5703757 0
0.5699865 -0.7156525 -0.4036794 0
-1.864105 0.9596925 -0.8666105 1

0.8442895 -0.3022282 -0.4425305 0
0.2495196 -0.5091027 0.8237442 0
-0.4742522 -0.8058987 -0.3544184 0
-1.133766 0.9454082 -0.7801843 1

0.1143713 0.07763895 -0.9903995 0
0.698749 0.7023683 0.1357512 0
0.706165 -0.7075667 0.02608074 0
-1.628711 1.048611 -0.6918781 1

0.8606612 -0.3766069 -0.3426797 0
0.09039734 -0.5492995 0.8307215 0
-0.5010895 -0.7459474 -0.4387167 0
-1.143563 0.9107778 -0.6715133 1

0.8518443 -0.3871777 -0.3527812 0
0.09330665 -0.5505723 0.8295566 0
-0.5154175 -0.73957 -0.4328758 0
-1.117554 0.9038628 -0.6865185 1

0.8466746 -0.3929943 -0.3587446 0
0.09519133 -0.5514501 0.8287591 0
-0.5235273 -0.7358385 -0.4294892 0
-1.092282 0.8931398 -0.7038803 1

0.8245029 -0.4175605 -0.3818876 0
0.1015259 -0.5547688 0.8257868 0
-0.5566754 -0.7196355 -0.4150153 0
-1.070289 0.890375 -0.7210233 1

0.8945377 -0.4291662 0.1249755 0
-0.3498235 -0.4981121 0.7934154 0
-0.2782553 -0.7534594 -0.5957123 0
-1.169059 0.9310936 -0.7415793 1

-0.1446038 -0.3689579 -0.9181283 0
0.8478302 0.4322055 -0.3072177 0
0.5101703 -0.8228419 0.2503151 0
-1.593983 1.063193 -0.7295632 1

0.03541243 0.1109712 -0.9931925 0
0.7029248 0.7036662 0.1036848 0
0.7103822 -0.7018113 -0.05308585 0
-1.578517 1.111614 -0.6415026 1

0.005707473 0.03329848 -0.9994292 0
0.7151864 0.6983984 0.02735296 0
0.6989105 -0.7149341 -0.01982853 0
-1.561894 1.123078 -0.6586246 1

0.02306679 0.005349413 -0.9997197 0
0.7153549 0.698468 0.020243 0
0.6983805 -0.7156213 0.01228467 0
-1.55503 1.128814 -0.7234736 1

0.01961574 0.02106095 -0.9995858 0
0.7149581 0.6985759 0.02874897 0
0.6988922 -0.7152259 -0.001354679 0
-1.560897 1.128092 -0.690765 1

0.8242019 -0.4129071 -0.3875549 0
0.009401917 -0.6742964 0.7384009 0
-0.566218 -0.6122352 -0.5518745 0
-1.065767 0.8636489 -0.6807458 1

0.9334036 -0.3389463 -0.1177838 0
-0.1264881 -0.6179734 0.7759573 0
-0.3357951 -0.7093832 -0.6196913 0
-1.187646 0.9112352 -0.7077807 1

0.8586356 -0.3558258 -0.3689621 0
0.02968378 -0.6840798 0.7288031 0
-0.5117264 -0.6367284 -0.576813 0
-1.138783 0.8825268 -0.6289383 1

0.8499795 -0.3678106 -0.3771608 0
0.02798562 -0.68339 0.729517 0
-0.5260719 -0.6306295 -0.5705742 0
-1.112564 0.8743731 -0.642077 1

0.8452512 -0.3782871 -0.3774244 0
0.02220352 -0.6808267 0.732108 0
-0.5339077 -0.6271954 -0.5670705 0
-1.087456 0.8646193 -0.6608988 1

0.04108399 0.02131505 -0.9989282 0
0.7751682 0.6301267 0.04532675 0
0.6304175 -0.7761998 0.00936541 0
-1.519788 1.163229 -0.722156 1

-0.01520088 -0.2421855 -0.970111 0
0.8714698 0.4724625 -0.1316044 0
0.4902138 -0.8474225 0.2038755 0
-1.558395 1.080409 -0.7455019 1

0.0321756 0.03200479 -0.9989698 0
0.775197 0.6301037 0.04515526 0
0.6308997 -0.775851 -0.004536062 0
-1.523497 1.164635 -0.6893689 1

0.01703453 0.04336604 -0.9989138 0
0.7753133 0.6302718 0.04058357 0
0.6313472 -0.7751624 -0.02288589 0
-1.526121 1.158012 -0.6572874 1

-0.01743731 0.05799023 -0.9981649 0
0.7750849 0.6314331 0.0231439 0
0.6316165 -0.7732591 -0.05595791 0
-1.541899 1.148297 -0.6364642 1

0.9270548 -0.3186327 -0.1975921 0
-0.04088867 -0.6097959 0.7915031 0
-0.3726896 -0.7256875 -0.5783427 0
-1.192863 0.8786429 -0.6676443 1

0.8586251 -0.3478145 -0.3765472 0
-0.006094024 -0.7414519 0.6709786 0
-0.5125679 -0.5738243 -0.6387489 0
-1.137486 0.8497694 -0.5939292 1

0.8498178 -0.3589731 -0.3859383 0
-0.007820144 -0.7407306 0.6717568 0
-0.5270188 -0.5678526 -0.6322932 0
-1.111159 0.838914 -0.6041806 1

0.8448666 -0.3603712 -0.39539 0
-0.003355637 -0.7426336 0.6696896 0
-0.5349668 -0.5644716 -0.6286354 0
-1.086173 0.8322419 -0.6262963 1

0.8230062 -0.3769672 -0.4249197 0
0.002634466 -0.745514 0.6664846 0
-0.5680265 -0.5496405 -0.6125695 0
-1.064723 0.8373095 -0.6525961 1

0.04851736 0.02700826 -0.9984572 0
0.8025151 0.5940852 0.05506605 0
0.5946558 -0.8039484 0.007148907 0
-1.481575 1.194291 -0.7200564 1

0.1107785 -0.1382591 -0.9841812 0
0.8415571 0.5398381 0.01888767 0
0.5286869 -0.8303368 0.1761554 0
-1.512761 1.105835 -0.7495411 1

0.03190604 0.03215629 -0.9989734 0
0.8029243 0.5943968 0.04477763 0
0.5952264 -0.8035287 -0.006854266 0
-1.483949 1.196781 -0.6871963 1

0.02682197 0.05101693 -0.9983375 0
0.8026932 0.5941272 0.05192666 0
0.5957887 -0.8027517 -0.02501522 0
-1.490215 1.187199 -0.6553153 1

0.01563105 0.08488871 -0.9962679 0
0.8026001 0.5931673 0.06313431 0
0.5963128 -0.8005914 -0.05885983 0
-1.510191 1.174071 -0.6347225 1

0.9421147 0.05053107 0.3314613 0
-0.07906631 0.9941805 0.07316853 0
-0.3258351 -0.09514056 0.9406273 0
-1.515493 0.7502462 -0.9702874 1

0.9873456 0.01196242 0.1581315 0
0.00926514 0.9910962 -0.1328249 0
-0.1583124 0.1326092 0.9784436 0
-1.521183 0.8360771 -0.9671993 1

-0.8850861 -0.1136944 -0.4513277 0
-0.01882138 -0.9601687 0.2787871 0
-0.4650471 0.2552452 0.8476917 0
-1.609727 0.6973982 -1.006146 1

-0.9732115 0.04555159 -0.2253551 0
-0.0644303 -0.9949366 0.07713757 0
-0.2207002 0.08959088 0.9712182 0
-1.416818 0.7073159 -0.9324459 1

-0.8623784 -0.07726863 -0.5003336 0
0.2834294 -0.8925773 -0.3506764 0
-0.4194899 -0.444225 0.7916391 0
-1.617272 0.3125257 -0.8943975 1

-0.9807957 -0.02364243 -0.1936007 0
0.0895448 -0.9364116 -0.3392867 0
-0.1732682 -0.3501068 0.920545 0
-1.442675 0.3080364 -0.9014897 1

0.9911503 -0.0132504 0.1320817 0
0.01901649 0.9989159 -0.0424899 0
-0.1313755 0.0446256 0.9903277 0
-1.520252 0.9356036 -0.9805377 1

-0.903148 0.1445574 -0.4042614 0
-0.3988689 -0.6308721 0.6655108 0
-0.1588326 0.7623019 0.6274298 0
-1.505872 -0.03829375 -1.032228 1

-0.9558313 -0.1630793 -0.2445246 0
-0.12844 -0.5165544 0.8465665 0
-0.2643676 0.8405814 0.4727927 0
-1.407493 -0.05988106 -1.034796 1

0.994139 -0.03351073 0.1027853 0
0.02871101 0.998443 0.04782613 0
-0.1042279 -0.04459475 0.9935531 0
-1.51807 1.050246 -0.985414 1

-0.8645521 0.01283105 -0.5023798 0
-0.4992434 0.09244817 0.8615157 0
0.05749829 0.9956352 -0.07352044 0
-1.579441 -0.1546536 -0.909479 1

-0.9863816 -0.02087708 -0.1631445 0
-0.1639157 0.04306683 0.9855338 0
-0.01354893 0.9988543 -0.04590245 0
-1.4311 -0.1548251 -0.8791949 1

-0.110815 0.04955902 -0.9926046 0
0.888264 -0.4430315 -0.1212862 0
-0.445766 -0.8951353 0.005073011 0
-1.43957 1.153548 -0.9738716 1

-0.08126837 -0.06696435 0.9944404 0
-0.9763827 -0.1950431 -0.09292644 0
0.2001814 -0.978506 -0.04953217 0
-1.590295 1.158558 -0.9886487 1

0.9968995 -0.05571033 0.05556813 0
0.04771325 0.9895459 0.1360964 0
-0.06256919 -0.1330231 0.9891359 0
-1.514363 1.179157 -0.9792391 1

-0.4100371 0.1452166 -0.9004341 0
0.5589295 -0.7401385 -0.3738889 0
-0.720741 -0.6565874 0.2223184 0
-1.305211 1.086535 -0.9922175 1

0.6517941 0.08193547 0.7539568 0
-0.5509828 -0.6319736 0.5450024 0
0.5211359 -0.7706466 -0.3667719 0
-1.737984 1.129056 -1.002705 1

0.9939978 0.005012307 -0.1092865 0
0.02513471 0.9617653 0.2727191 0
0.1064748 -0.2738291 0.9558665 0
-1.5062 1.350422 -0.9539732 1

0.627222 -0.778834 -0.003204092 0
0.1441247 0.1120239 0.983198 0
-0.7653894 -0.6171453 0.1825131 0
-1.166752 0.9031866 -1.084838 1

0.3132437 0.6191204 -0.7201173 0
0.8024738 0.2329422 0.5493397 0
0.5078529 -0.749952 -0.4238603 0
-1.874474 0.9725029 -0.8676965 1

0.7958244 -0.3148934 -0.5172097 0
0.3277447 -0.4942165 0.8051915 0
-0.5091631 -0.8103037 -0.2901049 0
-1.122592 0.9375104 -0.7835882 1

0.0950769 0.07334308 -0.9927645 0
0.7421324 0.6594616 0.1197932 0
0.663476 -0.7481521 0.008269176 0
-1.628639 1.043864 -0.6994085 1

0.821708 -0.3873973 -0.4179946 0
0.1699599 -0.5334917 0.8285531 0
-0.5439759 -0.7518709 -0.3725323 0
-1.121767 0.9050461 -0.6738156 1

0.8119098 -0.3981193 -0.4269703 0
0.1727369 -0.534801 0.8271335 0
-0.5576418 -0.7453112 -0.3654404 0
-1.097378 0.8977139 -0.691162 1

0.806162 -0.404025 -0.4322808 0
0.1745315 -0.5357034 0.8261723 0
-0.5653686 -0.7414751 -0.3613486 0
-1.073966 0.8865321 -0.7107052 1

0.7817512 -0.4289277 -0.4526438 0
0.1805334 -0.53911 0.822659 0
-0.5968861 -0.7248319 -0.3440143 0
-1.053772 0.8833272 -0.7298666 1

0.9062364 -0.422613 0.01156858 0
-0.2411641 -0.4942812 0.8351801 0
-0.3472399 -0.7596606 -0.5498546 0
-1.153964 0.9241213 -0.7414285 1

-0.1879986 -0.3572931 -0.9148763 0
0.8643458 0.3821811 -0.3268709 0
0.4664369 -0.8522205 0.2369751 0
-1.594018 1.056465 -0.7378984 1

0.01799431 0.1112144 -0.9936338 0
0.7450544 0.6612396 0.08750305 0
0.6667613 -0.7418855 -0.07096221 0
-1.573615 1.103655 -0.6501759 1

-0.0163314 0.03542082 -0.9992392 0
0.7551536 0.655458 0.01089226 0
0.6553448 -0.754401 -0.03745276 0
-1.556757 1.114162 -0.6676779 1

-0.0006437302 0.006508319 -0.9999787 0
0.7551553 0.6555355 0.003780425 0
0.655546 -0.7551367 -0.00533694 0
-1.551116 1.119652 -0.732666 1

-0.003168225 0.02239394 -0.9997444 0
0.7549696 0.6556451 0.01229356 0
0.6557526 -0.7547373 -0.01898408 0
-1.556232 1.119192 -0.6998268 1

0.7809086 -0.4243839 -0.4583453 0
0.07991576 -0.6598611 0.7471256 0
-0.6195123 -0.6200657 -0.4813762 0
-1.045393 0.8573669 -0.689706 1

0.9080408 -0.3211989 -0.2688747 0
0.01078647 -0.6237431 0.781555 0
-0.4187434 -0.7125839 -0.5629196 0
-1.1679 0.904403 -0.7053853 1

0.8171712 -0.3671211 -0.4443578 0
0.0991274 -0.669928 0.7357785 0
-0.5678074 -0.6453049 -0.511054 0
-1.112909 0.8776046 -0.6313642 1

0.8077158 -0.3792205 -0.4514278 0
0.09750965 -0.6692163 0.736642 0
-0.5814525 -0.6390159 -0.5035589 0
-1.088133 0.8690691 -0.6468495 1

0.8029537 -0.3896768 -0.4510185 0
0.09201777 -0.6665751 0.7397367 0
-0.5888957 -0.6354761 -0.4993716 0
-1.065024 0.8588287 -0.6678486 1

0.01817214 0.02131416 -0.9996079 0
0.8109615 0.584467 0.02720492 0
0.5848174 -0.8111377 -0.006664112 0
-1.513905 1.151951 -0.7321596 1

-0.05260035 -0.2382485 -0.9697792 0
0.8945009 0.4204977 -0.1518224 0
0.4439611 -0.875454 0.190995 0
-1.557865 1.071591 -0.7546625 1

0.009894162 0.03249782 -0.999423 0
0.8109848 0.5844427 0.02703273 0
0.5849839 -0.810784 -0.02057275 0
-1.516742 1.15349 -0.6992916 1

-0.004563391 0.04470952 -0.9989897 0
0.8110002 0.5846148 0.02245958 0
0.5850282 -0.8100785 -0.03892738 0
-1.518986 1.146948 -0.667164 1

-0.03811002 0.06128723 -0.9973926 0
0.8104194 0.5858291 0.005031765 0
0.5846097 -0.8081143 -0.07199438 0
-1.534809 1.13813 -0.6459802 1

0.8838515 -0.2928854 -0.3647261 0
0.1151925 -0.6194207 0.776562 0
-0.4533625 -0.7283789 -0.5137376 0
-1.166023 0.8715367 -0.6651772 1

0.8164391 -0.3592588 -0.4520625 0
0.05767161 -0.7282372 0.6828943 0
-0.5745444 -0.5836126 -0.5738423 0
-1.108275 0.8455275 -0.5960095 1

0.8067185 -0.3705546 -0.4603204 0
0.05603239 -0.7274924 0.6838239 0
-0.5882735 -0.5774461 -0.5661186 0
-1.083116 0.8343465 -0.6085789 1

0.8008586 -0.3721117 -0.4692108 0
0.06026663 -0.729457 0.6813664 0
-0.5958136 -0.5739559 -0.561766 0
-1.060444 0.8271239 -0.6329043 1

0.7761533 -0.3891712 -0.4961169 0
0.06590417 -0.7324286 0.6776465 0
-0.6270908 -0.5586537 -0.5428288 0
-1.041667 0.8315747 -0.6612784 1

0.02578264 0.02647999 -0.9993169 0
0.8358456 0.5477782 0.03607994 0
0.5483591 -0.8362049 -0.008010089 0
-1.473931 1.180762 -0.7309532 1

0.07893337 -0.1419099 -0.9867277 0
0.8722183 0.4891171 -0.0005710125 0
0.4827061 -0.8605967 0.1623838 0
-1.510916 1.094287 -0.7597603 1

0.009480506 0.03255743 -0.9994251 0
0.8360228 0.5480895 0.02578494 0
0.5486134 -0.8357864 -0.02202271 0
-1.475372 1.183307 -0.6980435 1

0.005485535 0.05167316 -0.9986491 0
0.8359498 0.5478172 0.03293736 0
0.5487788 -0.8350009 -0.04019114 0
-1.481424 1.17402 -0.6660314 1

-0.003723592 0.08611706 -0.9962783 0
0.8360739 0.5468386 0.04414314 0
0.5486046 -0.8327975 -0.07403651 0
-1.501641 1.162036 -0.6449798 1

0.9354776 0.0674352 0.3468921 0
-0.09957267 0.9921504 0.07564928 0
-0.3390677 -0.1053092 0.9348492 0
-1.516518 0.7499346 -0.9695184 1

0.983999 0.02164086 0.1768548 0
0.002418844 0.9908825 -0.1347076 0
-0.1781576 0.1329799 0.9749749 0
-1.523926 0.8356255 -0.9661972 1

-0.8794456 -0.1140449 -0.4621357 0
-0.04132503 -0.9489154 0.312813 0
-0.4742024 0.2941998 0.8298064 0
-1.609114 0.6954163 -1.007102 1

-0.9720041 0.03048915 -0.2329776 0
-0.04514884 -0.9973038 0.05785073 0
-0.2305856 0.06674983 0.9707599 0
-1.41765 0.7087715 -0.9302441 1

-0.8851838 -0.08548739 -0.4573202 0
0.279763 -0.8832044 -0.3764077 0
-0.3717291 -0.4611313 0.8057143 0
-1.625679 0.3150545 -0.8817141 1

-0.9837805 -0.008982688 -0.1791516 0
0.068472 -0.941923 -0.3287743 0
-0.1657937 -0.3357086 0.9272606 0
-1.435769 0.308542 -0.907028 1

0.9881967 -0.01295926 0.1526421 0
0.01962034 0.9989159 -0.04221343 0
-0.1519296 0.04471007 0.9873796 0
-1.523683 0.9351306 -0.9797246 1

-0.9270778 0.115459 -0.3566458 0
-0.3365222 -0.6755074 0.6560815 0
-0.1651663 0.7282577 0.6651022 0
-1.515721 -0.03208098 -1.029658 1

-0.9587936 -0.1650949 -0.231211 0
-0.1189591 -0.5057556 0.8544356 0
-0.2579992 0.846732 0.4652756 0
-1.408866 -0.06154093 -1.036204 1

0.9913517 -0.04277535 0.1240645 0
0.03678615 0.998063 0.05017132 0
-0.1259703 -0.04517361 0.9910049 0
-1.521431 1.049773 -0.9845693 1

-0.8869369 -0.01134526 -0.4617514 0
-0.4602545 0.1057843 0.8814623 0
0.03884564 0.9943244 -0.09904571 0
-1.57779 -0.1566736 -0.9086483 1

-0.9882455 -0.02214343 -0.1512629 0
-0.1519993 0.03655906 0.9877043 0
-0.01634114 0.9990862 -0.03949516 0
-1.430731 -0.1545001 -0.8791565 1

-0.1030557 0.05112837 -0.9933606 0
0.8825057 -0.4560181 -0.1150263 0
-0.4588717 -0.8885006 0.001874134 0
-1.442259 1.152334 -0.9711629 1

-0.1004143 -0.06967336 0.9925033 0
-0.9782602 -0.175011 -0.1112588 0
0.1814506 -0.9820983 -0.05058518 0
-1.592579 1.158747 -0.9891664 1

0.9953617 -0.06200205 0.0735577 0
0.05150355 0.9892443 0.136906 0
-0.081255 -0.1324825 0.9878493 0
-1.516682 1.178635 -0.9780916 1

-0.443061 0.1339984 -0.8864205 0
0.5512364 -0.7390399 -0.3872446 0
-0.7069904 -0.6602001 0.253575 0
-1.30877 1.083356 -0.9885619 1

0.6752471 0.03332351 0.7368385 0
-0.5774726 -0.597608 0.556229 0
0.4588759 -0.8010958 -0.3842897 0
-1.740552 1.132275 -1.005996 1

0.9941718 0.01177901 -0.1071621 0
0.01872817 0.9600299 0.2792706 0
0.1061683 -0.2796498 0.9542139 0
-1.507894 1.349848 -0.9526876 1

0.627303 -0.7772604 -0.0485516 0
0.1982927 0.09912528 0.9751176 0
-0.7531077 -0.6213216 0.2163065 0
-1.172217 0.9002799 -1.084491 1

0.331955 0.6011437 -0.726934 0
0.8315184 0.1773948 0.5264113 0
0.4454028 -0.7792032 -0.4409747 0
-1.883604 0.984235 -0.8682061 1

0.7444414 -0.3275836 -0.5818045 0
0.401107 -0.4771987 0.7819175 0
-0.5337794 -0.8154572 -0.2238505 0
-1.111461 0.9306517 -0.785717 1

0.09595966 0.04763926 -0.9942447 0
0.7746569 0.6236635 0.1046488 0
0.6250592 -0.7802402 0.02294244 0
-1.628871 1.038579 -0.7069421 1

0.7794285 -0.3979604 -0.4838584 0
0.2461756 -0.5156567 0.8206681 0
-0.576098 -0.7587659 -0.3039496 0
-1.100449 0.9005822 -0.6758115 1

0.7688412 -0.4088564 -0.4916501 0
0.2488091 -0.517002 0.8190259 0
-0.5890479 -0.7520277 -0.2957653 0
-1.077774 0.892828 -0.6951813 1

0.7626262 -0.4148656 -0.4962743 0
0.2505068 -0.5179284 0.8179222 0
-0.596362 -0.7480888 -0.2910592 0
-1.056274 0.8811792 -0.7165632 1

0.7364346 -0.4401589 -0.5137362 0
0.2561574 -0.5214221 0.8139426 0
-0.6261371 -0.7310126 -0.2712433 0
-1.037945 0.8775198 -0.7374408 1

0.9042569 -0.4142486 -0.1035262 0
-0.1263088 -0.491115 0.8618887 0
-0.4078794 -0.7662926 -0.4964174 0
-1.138783 0.9182426 -0.7405465 1

-0.2081079 -0.3664483 -0.9068668 0
0.8815684 0.3313697 -0.3362027 0
0.4237086 -0.869431 0.2540885 0
-1.593765 1.048614 -0.745746 1

0.02045491 0.08916204 -0.9958073 0
0.7764408 0.6260639 0.07200494 0
0.6298588 -0.7746577 -0.05642287 0
-1.570779 1.096546 -0.6590711 1

-0.01751563 0.01501916 -0.9997338 0
0.7860243 0.6181799 -0.004484475 0
0.6179479 -0.7858934 -0.02263321 0
-1.553462 1.105822 -0.6768184 1

-0.003248096 -0.01462865 -0.9998878 0
0.7860092 0.618107 -0.01159641 0
0.618207 -0.7859583 0.009490594 0
-1.547728 1.109658 -0.7419168 1

-0.004999995 0.001362041 -0.9999868 0
0.7858538 0.6184055 -0.003087103 0
0.6183928 -0.7858582 -0.004162312 0
-1.552772 1.110145 -0.7090669 1

0.7350659 -0.4357387 -0.5194327 0
0.1489809 -0.6435971 0.7507246 0
-0.6614251 -0.6292174 -0.4081696 0
-1.025873 0.8524238 -0.6976731 1

0.8535862 -0.2962056 -0.4285479 0
0.1606228 -0.6329055 0.7573845 0
-0.4955716 -0.7153272 -0.4926619 0
-1.147749 0.8986287 -0.7029026 1

0.7724624 -0.3782539 -0.5101234 0
0.1670581 -0.653945 0.7378669 0
-0.6126938 -0.6551946 -0.4419576 0
-1.087687 0.8740542 -0.6337756 1

0.7623935 -0.3904864 -0.5160202 0
0.1655273 -0.6532115 0.738861 0
-0.6255854 -0.6487181 -0.4333681 0
-1.064453 0.8651367 -0.6513025 1

0.7576913 -0.4009223 -0.5149422 0
0.1603459 -0.6504931 0.7423935 0
-0.6326083 -0.6450737 -0.4285868 0
-1.043391 0.854398 -0.674126 1

0.01600134 -0.000911897 -0.9998719 0
0.8373477 0.5465194 0.01290181 0
0.546437 -0.8374462 0.009508699 0
-1.508996 1.14012 -0.7421681 1

-0.06705204 -0.2555283 -0.964474 0
0.9140711 0.3717745 -0.162046 0
0.3999737 -0.8924626 0.2086427 0
-1.556943 1.061551 -0.7628816 1

0.008253157 0.01064654 -0.9999095 0
0.8373693 0.5464904 0.01273027 0
0.5465761 -0.8373982 -0.004404694 0
-1.511666 1.142492 -0.7093362 1

-0.005619437 0.02352459 -0.9997078 0
0.8373783 0.5465638 0.008154303 0
0.5465955 -0.8370873 -0.02277035 0
-1.514146 1.136743 -0.6770737 1

-0.03835356 0.04167673 -0.9983951 0
0.8367997 0.5474311 -0.009294152 0
0.5461648 -0.8358126 -0.05587095 0
-1.530338 1.129181 -0.6556833 1

0.8009891 -0.2564722 -0.5409608 0
0.2842119 -0.6323785 0.7206395 0
-0.5269158 -0.7309719 -0.4336359 0
-1.138168 0.8653227 -0.6641816 1

0.7710176 -0.3705598 -0.5178972 0
0.1208816 -0.7133124 0.690343 0
-0.6252357 -0.5948706 -0.5051827 0
-1.079788 0.8427454 -0.5983109 1

0.7605743 -0.3820142 -0.5249689 0
0.1193357 -0.7125445 0.6914041 0
-0.6381896 -0.5885112 -0.4963552 0
-1.055903 0.8312458 -0.612913 1

0.7539149 -0.3837533 -0.5332412 0
0.1233238 -0.7145701 0.6886081 0
-0.6452937 -0.584913 -0.4913992 0
-1.035584 0.8234526 -0.6390733 1

0.7268219 -0.4013474 -0.5573603 0
0.1285923 -0.7176325 0.6844469 0
-0.6746808 -0.5691431 -0.4699809 0
-1.019521 0.8272491 -0.6691573 1

0.02358627 0.003755702 -0.9997148 0
0.8596107 0.5104681 0.02219841 0
0.5104057 -0.859889 0.008811623 0
-1.467721 1.167058 -0.7416668 1

0.06910509 -0.1662927 -0.9836523 0
0.8956593 0.4445733 -0.01223481 0
0.4393398 -0.8801715 0.179664 0
-1.508928 1.081749 -0.7685298 1

0.007571846 0.01055311 -0.9999159 0
0.8597669 0.5105489 0.01189882 0
0.5106313 -0.8597842 -0.005207404 0
-1.46895 1.17037 -0.7088177 1

0.004437864 0.02984069 -0.999545 0
0.8597059 0.5104346 0.01905549 0
0.5107707 -0.8593988 -0.02338885 0
-1.475363 1.162055 -0.6766033 1

-0.003214389 0.06470543 -0.9978994 0
0.8598236 0.5096932 0.03027964 0
0.5105815 -0.8579199 -0.05727352 0
-1.49609 1.151532 -0.6552678 1

0.9310024 0.08366653 0.3552949 0
-0.1187336 0.9898554 0.07802955 0
-0.3451621 -0.1148311 0.9314918 0
-1.517331 0.7487011 -0.9688145 1

0.9807521 0.02869184 0.1931375 0
-0.002449177 0.9908748 -0.134764 0
-0.1952417 0.131697 0.9718727 0
-1.526367 0.8342272 -0.9652772 1

-0.8740711 -0.1116051 -0.4728048 0
-0.06638238 -0.936685 0.3438242 0
-0.4812415 0.3319126 0.8113204 0
-1.608564 0.692596 -1.007386 1

-0.9734811 0.01780371 -0.2280744 0
-0.02827985 -0.9986858 0.04274742 0
-0.2270135 0.04806372 0.9727049 0
-1.418058 0.7092532 -0.9288108 1

-0.906649 -0.0973695 -0.4104961 0
0.275203 -0.873982 -0.4005236 0
-0.3197672 -0.4761041 0.819191 0
-1.635172 0.3171367 -0.8695684 1

-0.9868294 0.004366666 -0.1617065 0
0.04828867 -0.9461069 -0.3202349 0
-0.1543898 -0.3238258 0.9334349 0
-1.429407 0.308469 -0.9116558 1

0.9851497 -0.01209626 0.1712711 0
0.01956358 0.998927 -0.04197889 0
-0.1705795 0.04470618 0.9843292 0
-1.526613 0.9337314 -0.9788103 1

-0.9503101 0.1145119 -0.289479 0
-0.2830173 -0.7051101 0.6501704 0
-0.1296622 0.699791 0.7024819 0
-1.527006 -0.02637413 -1.026991 1

-0.961633 -0.170909 -0.2145979 0
-0.1048473 -0.493896 0.8631768 0
-0.2535136 0.8525595 0.4570271 0
-1.410435 -0.06325778 -1.037477 1

0.988337 -0.04848488 0.144358 0
0.04155441 0.9978519 0.05064469 0
-0.1465034 -0.04405529 0.9882287 0
-1.524368 1.048375 -0.983628 1

-0.9156802 -0.008530788 -0.4018179 0
-0.3995363 0.1277821 0.9077681 0
0.04360116 0.991766 -0.1204158 0
-1.579207 -0.1564266 -0.9070713 1

-0.9903024 -0.02716935 -0.1362475 0
-0.1371285 0.03373536 0.9899789 0
-0.02230076 0.9990619 -0.03713386 0
-1.429706 -0.1540371 -0.8788224 1

-0.09312028 0.0503439 -0.9943813 0
0.8787982 -0.4653052 -0.1058538 0
-0.4680198 -0.8837176 -0.0009129643 0
-1.444891 1.150479 -0.9686303 1

-0.1187071 -0.07044758 0.9904271 0
-0.9786887 -0.1600282 -0.1286828 0
0.1675616 -0.9845954 -0.04994982 0
-1.594772 1.157759 -0.9897111 1

0.9937186 -0.06560089 0.09066388 0
0.05277247 0.9891253 0.1372817 0
-0.0986837 -0.1316349 0.986374 0
-1.519003 1.177209 -0.9770892 1

-0.4696709 0.1175901 -0.8749756 0
0.5463803 -0.7397643 -0.3927057 0
-0.6934538 -0.6625116 0.2831966 0
-1.311964 1.080097 -0.9846418 1

0.6932058 -0.01321488 0.7206184 0
-0.6009498 -0.5625774 0.5677729 0
0.3979006 -0.8266391 -0.3979235 0
-1.742809 1.133553 -1.009176 1

0.9942819 0.01525192 -0.1056922 0
0.01550366 0.9586442 0.2841853 0
0.1056555 -0.284199 0.952926 0
-1.510025 1.348404 -0.9516226 1

0.6245778 -0.7759461 -0.08837749 0
0.2477103 0.08951333 0.9646906 0
-0.7406365 -0.624416 0.2481177 0
-1.176614 0.8968414 -1.081923 1

0.3477407 0.581876 -0.735185 0
0.8551962 0.1245828 0.5031091 0
0.3843384 -0.8036787 -0.4542957 0
-1.891677 0.9941909 -0.8685267 1

0.6944551 -0.3397729 -0.6342607 0
0.4658886 -0.4594323 0.7562211 0
-0.5483431 -0.8206563 -0.1607589 0
-1.100716 0.924268 -0.7863446 1

0.1074668 0.005242689 -0.994195 0
0.7990768 0.5945287 0.08951071 0
0.5915465 -0.8040574 0.05970292 0
-1.629691 1.032356 -0.7144014 1

0.7376381 -0.4079342 -0.5380335 0
0.3148108 -0.4971507 0.8085393 0
-0.5973144 -0.765788 -0.2382953 0
-1.08054 0.8966494 -0.6770982 1

0.7264698 -0.4190089 -0.5446775 0
0.3173025 -0.4985297 0.8067142 0
-0.6095582 -0.7588807 -0.2292144 0
-1.05953 0.8884866 -0.6981085 1

0.7199084 -0.4251243 -0.5486362 0
0.3189053 -0.499479 0.8054941 0
-0.616467 -0.7548447 -0.224005 0
-1.039849 0.876385 -0.7209404 1

0.6924253 -0.4508197 -0.5633022 0
0.3242153 -0.5030553 0.8011368 0
-0.6445402 -0.7373583 -0.2021657 0
-1.023306 0.8722793 -0.7431821 1

0.8890771 -0.4052912 -0.2127937 0
-0.0139475 -0.4886299 0.8723797 0
-0.4575451 -0.7726446 -0.4400828 0
-1.124161 0.9128399 -0.7387995 1

-0.2144583 -0.3921785 -0.8945412 0
0.8978706 0.2813711 -0.3386133 0
0.3844948 -0.8758007 0.2917834 0
-1.593822 1.039421 -0.7531619 1

0.03323749 0.04959908 -0.9982163 0
0.7998865 0.5975029 0.05632228 0
0.5992304 -0.8003315 -0.01981407 0
-1.569684 1.089663 -0.6681239 1

-0.007597208 -0.02309659 -0.9997045 0
0.8098628 0.5862888 -0.01969975 0
0.5865703 -0.809773 0.01425092 0
-1.551823 1.097521 -0.6860158 1

0.005487621 -0.05326396 -0.9985655 0
0.8099107 0.5859404 -0.02680346 0
0.5865274 -0.8086019 0.0463545 0
-1.545305 1.098603 -0.7511445 1

0.004370421 -0.03723279 -0.9992971 0
0.809688 0.5865748 -0.01831409 0
0.5868443 -0.8090389 0.0327106 0
-1.550641 1.100565 -0.718396 1

0.6905768 -0.446528 -0.5689614 0
0.2124875 -0.6266892 0.7497401 0
-0.6913415 -0.6386499 -0.3378955 0
-1.007908 0.84808 -0.7040117 1

0.7675072 -0.2650414 -0.5836834 0
0.3093142 -0.6443981 0.6993401 0
-0.5614782 -0.7172896 -0.4125993 0
-1.128214 0.8932986 -0.7002784 1

0.7284636 -0.3888203 -0.5640566 0
0.2294627 -0.6373043 0.7356566 0
-0.6455137 -0.6653288 -0.3750334 0
-1.064263 0.8710693 -0.6356936 1

0.7179728 -0.4011886 -0.5688263 0
0.2280177 -0.6365504 0.7367577 0
-0.6576649 -0.6586742 -0.3655477 0
-1.04254 0.8617852 -0.6548887 1

0.7134039 -0.4116018 -0.5671322 0
0.2231401 -0.6337585 0.7406477 0
-0.6642767 -0.6549308 -0.3602811 0
-1.023417 0.8505609 -0.6791404 1

0.0249162 -0.04052163 -0.9988682 0
0.8568947 0.5154917 0.000462532 0
0.5148893 -0.8559361 0.04756688 0
-1.505398 1.127492 -0.7521456 1

-0.0683355 -0.2894982 -0.9547361 0
0.9303462 0.3270745 -0.1657664 0
0.3602588 -0.8995627 0.2469827 0
-1.556326 1.050152 -0.7703613 1

0.01760289 -0.02869679 -0.9994334 0
0.8569164 0.5154552 0.0002923608 0
0.5151547 -0.856436 0.03366432 0
-1.508287 1.131243 -0.7194617 1

0.004216224 -0.01531995 -0.9998739 0
0.8569695 0.5153496 -0.004282564 0
0.5153502 -0.8568429 0.01530166 0
-1.511315 1.126846 -0.6870322 1

-0.02783248 0.004059281 -0.9996045 0
0.8565797 0.5155558 -0.02175668 0
0.5152636 -0.8568464 -0.01782614 0
-1.528018 1.120797 -0.6655536 1

0.675118 -0.2109419 -0.7069085 0
0.4463897 -0.6460958 0.6191101 0
-0.5873265 -0.7335287 -0.3420287 0
-1.111033 0.8594408 -0.6647973 1

0.7263582 -0.3813012 -0.5718508 0
0.1796593 -0.6977479 0.6934486 0
-0.6634203 -0.6064301 -0.4383107 0
-1.053365 0.8405602 -0.6003271 1

0.7153945 -0.3929182 -0.5777773 0
0.1782048 -0.6969581 0.6946172 0
-0.6756139 -0.5998878 -0.4285801 0
-1.030743 0.8287597 -0.6166054 1

0.7080761 -0.3948455 -0.5854278 0
0.1819526 -0.6990417 0.691545 0
-0.6822915 -0.5961865 -0.4231316 0
-1.012645 0.8204058 -0.6441847 1

0.6791217 -0.4129919 -0.606821 0
0.1868657 -0.7021911 0.6870291 0
-0.7098415 -0.5799703 -0.3996994 0
-0.9991446 0.8235484 -0.6755748 1

0.0323492 -0.03629541 -0.9988176 0
0.8766844 0.4809422 0.01091695 0
0.4799771 -0.8760009 0.04737785 0
-1.463158 1.152895 -0.7522572 1

0.07161394 -0.2067842 -0.9757621 0
0.9135451 0.4062909 -0.01905397 0
0.4003833 -0.8900384 0.2180029 0
-1.507456 1.068111 -0.7762327 1

0.01658419 -0.02896189 -0.999443 0
0.8769324 0.4806135 0.0006241202 0
0.4803276 -0.8764543 0.03336826 0
-1.464573 1.157533 -0.7195777 1

0.01412246 -0.009577895 -0.9998547 0
0.8768055 0.4807823 0.007778913 0
0.4806378 -0.8767877 0.01518786 0
-1.471625 1.150715 -0.6871379 1

0.00767827 0.02556804 -0.9996438 0
0.8768003 0.4804785 0.01902384 0
0.4807934 -0.876634 -0.01872882 0
-1.49297 1.141875 -0.6656468 1

0.9292041 0.09903085 0.3560513 0
-0.1360998 0.9874151 0.08055 0
-0.3435935 -0.1233059 0.9309883 0
-1.51805 0.7465739 -0.9680637 1

0.9779424 0.03364283 0.2061473 0
-0.005933292 0.9910195 -0.1335856 0
-0.2087902 0.1294159 0.9693596 0
-1.528585 0.831919 -0.9643079 1

-0.8687088 -0.1063025 -0.4837815 0
-0.09459609 -0.923117 0.3727016 0
-0.4862061 0.3695331 0.7918642 0
-1.608265 0.6889805 -1.006835 1

-0.9779215 0.007910311 -0.2088235 0
-0.01490236 -0.999379 0.03193095 0
-0.2084412 0.03433794 0.9774319 0
-1.418122 0.7087662 -0.9281059 1

-0.9268288 -0.1076626 -0.359718 0
0.2678651 -0.860929 -0.4324922 0
-0.2631285 -0.497202 0.8267729 0
-1.646182 0.3189598 -0.8574418 1

-0.9893663 0.01520742 -0.1446493 0
0.0312998 -0.9489567 -0.3138498 0
-0.1420387 -0.3150398 0.9383895 0
-1.424103 0.3077039 -0.9152916 1

0.9822931 -0.01064366 0.1870473 0
0.01883935 0.998936 -0.04209328 0
-0.1864003 0.0448718 0.9814487 0
-1.529181 0.9314377 -0.9777226 1

-0.9732557 0.09846843 -0.2075505 0
-0.2116698 -0.7354755 0.6436395 0
-0.08927022 0.670358 0.7366486 0
-1.5409 -0.01942065 -1.027429 1

-0.9650737 -0.1730228 -0.1967138 0
-0.0909325 -0.4829598 0.8709083 0
-0.2456918 0.8583782 0.4503584 0
-1.411805 -0.06514248 -1.038604 1

0.9853646 -0.0510784 0.1626272 0
0.04360015 0.9978355 0.04922784 0
-0.1647897 -0.04141679 0.9854588 0
-1.527018 1.046082 -0.9825535 1

-0.9448766 -0.0207144 -0.3267709 0
-0.3255951 0.1648595 0.931026 0
0.03458566 0.9860995 -0.1625164 0
-1.579941 -0.1550739 -0.9087142 1

-0.9923994 -0.02849992 -0.1197145 0
-0.1206288 0.03287248 0.9921533 0
-0.02434099 0.9990533 -0.03606054 0
-1.428519 -0.1539117 -0.8785286 1

-0.08089679 0.04742251 -0.9955938 0
0.8771337 -0.4710154 -0.093707 0
-0.4733837 -0.8808495 -0.00349234 0
-1.447526 1.147985 -0.9663181 1

-0.1375189 -0.06799242 0.9881627 0
-0.9777308 -0.1503522 -0.1464124 0
0.1585275 -0.9862917 -0.045802 0
-1.596971 1.15566 -0.9901693 1

0.9921128 -0.06668124 0.1061412 0
0.05181433 0.9891969 0.1371306 0
-0.1141386 -0.1305494 0.9848498 0
-1.521389 1.174915 -0.9761976 1

-0.4891011 0.09624135 -0.8669013 0
0.5445512 -0.742704 -0.3896862 0
-0.6813546 -0.6626681 0.3108489 0
-1.31485 1.076739 -0.9804922 1

0.7051795 -0.05665908 0.7067614 0
-0.6222543 -0.5272882 0.5785904 0
0.3398845 -0.8477954 -0.4070891 0
-1.744863 1.132917 -1.012316 1

0.9943739 0.01339971 -0.1050753 0
0.017372 0.9579061 0.2865561 0
0.104492 -0.2867692 0.952284 0
-1.512603 1.346123 -0.9507598 1

0.6193773 -0.7757072 -0.1210403 0
0.2909786 0.08362166 0.9530685 0
-0.7291799 -0.6255289 0.2775073 0
-1.179953 0.892755 -1.077026 1

0.361589 0.5616649 -0.7441682 0
0.8733397 0.07537727 0.4812445 0
0.3263914 -0.8239241 -0.4632685 0
-1.899008 1.002297 -0.8689871 1

0.6506332 -0.3506102 -0.6736096 0
0.5187907 -0.4425509 0.7314408 0
-0.5545565 -0.8253617 -0.1060451 0
-1.090798 0.9183766 -0.785008 1

0.1222296 -0.0468737 -0.9913945 0
0.8177606 0.5708031 0.07383412 0
0.5624301 -0.819748 0.1081006 0
-1.631464 1.025389 -0.7215598 1

0.7006279 -0.4166682 -0.579231 0
0.3718348 -0.4796351 0.7947891 0
-0.6089824 -0.7722293 -0.1811143 0
-1.063035 0.8930508 -0.6768763 1

0.6890767 -0.4279087 -0.5848656 0
0.3742008 -0.481044 0.7928247 0
-0.6206022 -0.7651742 -0.1713526 0
-1.043486 0.8845227 -0.699115 1

0.6822851 -0.4341226 -0.588239 0
0.3757198 -0.4820132 0.7915164 0
-0.6271537 -0.7610529 -0.1657622 0
-1.025369 0.8720152 -0.7229997 1

0.6539692 -0.4601921 -0.6004567 0
0.3807329 -0.4856621 0.7868769 0
-0.6537331 -0.7432067 -0.142398 0
-1.010378 0.8675052 -0.7462408 1

0.8644257 -0.396446 -0.3091912 0
0.08724692 -0.4873687 0.8688269 0
-0.4951326 -0.7780122 -0.3867054 0
-1.110868 0.9078521 -0.7357402 1

-0.2146583 -0.4278785 -0.877976 0
0.9119229 0.2340922 -0.3370422 0
0.3497405 -0.8729953 0.3399426 0
-1.594805 1.029337 -0.7600223 1

0.04907218 -0.000443399 -0.9987953 0
0.8177982 0.5741187 0.03992459 0
0.5734091 -0.8187721 0.02853593 0
-1.5702 1.08282 -0.6771215 1

0.005946666 -0.07180566 -0.9974011 0
0.8284939 0.5588847 -0.0352962 0
0.5599666 -0.8261307 0.06281413 0
-1.551815 1.089188 -0.6950761 1

0.01803726 -0.1022771 -0.9945926 0
0.8286323 0.5581875 -0.04237288 0
0.559503 -0.823387 0.09481837 0
-1.544304 1.086871 -0.7600656 1

0.01744658 -0.08627407 -0.9961189 0
0.8283088 0.5592438 -0.03392893 0
0.5600003 -0.8245018 0.08121847 0
-1.550051 1.090607 -0.7275416 1

0.6517172 -0.4560219 -0.6060603 0
0.2662686 -0.6106443 0.7457984 0
-0.7101873 -0.6474243 -0.2765432 0
-0.9922175 0.844155 -0.7077443 1

0.6551754 -0.2288927 -0.7199676 0
0.4418487 -0.6569118 0.6109313 0
-0.6127926 -0.718384 -0.3292567 0
-1.110451 0.8883311 -0.6969988 1

0.6896025 -0.3981159 -0.6049404 0
0.2822803 -0.6214947 0.730796 0
-0.6669083 -0.6747212 -0.3162041 0
-1.043838 0.8683681 -0.6361842 1

0.6788617 -0.4106095 -0.608726 0
